-29582833701.2969170
-29582743245.6343231
-1198445958.6431534
-1198442564.8146107
-107520201.5898503
-107512650.5866794
-10379038.0282108
-10361114.0047112
-1153321.2690559
-1148601.3201683
 -92616.1453192
 -58605.9330646
 -57139.3538998
 -54799.0430952
 -50765.6849870
 -48323.3636144
 -46345.1917544
 -46126.7583190
 -40905.9818789
 -40187.3651647
 -37803.6608588
 -36715.6806617
 -32836.2960453
 -31631.1066911
 -29758.3166809
 -29066.5957694
 -28633.4358542
 -27635.6452204
 -27023.6903466
 -26016.7038465
 -25433.3173484
 -25113.5108436
 -24405.8348177
 -24249.1255117
 -23906.7706919
 -23124.9843041
 -22613.8043718
 -22385.9556382
 -21922.8074840
 -21795.5587105
 -21631.8997610
 -20902.1197954
 -20540.6845047
 -20400.3916325
 -20328.0989166
 -19586.6708157
 -19518.9809852
 -19349.9954641
 -19104.2368147
 -18604.1541294
 -18550.8917802
 -18244.2717581
 -18154.3905144
 -17705.9319639
 -17582.5622147
 -17528.4878289
 -17036.0768192
 -16951.7570425
 -16928.4108506
 -16620.0530258
 -16423.1721222
 -16150.1865084
 -15881.7570878
 -15694.7439796
 -15558.1939024
 -15245.9739954
 -15008.9826099
 -14907.6722237
 -14767.2854688
 -14589.3510557
 -14520.3651344
 -14474.2310276
 -14218.9542141
 -13988.5420563
 -13848.1457470
 -13691.0004819
 -13676.0429078
 -13340.7867897
 -13313.7771974
 -12920.3123963
 -12848.0831212
 -12532.9624661
 -12405.1586593
 -12113.2489757
 -11906.0155970
 -11751.0970861
 -11706.3397581
 -11538.4749882
 -11363.5992736
 -11207.1754181
 -11149.3748542
 -11094.0518437
 -11016.8474105
 -10665.7707167
 -10591.1558336
 -10359.7829071
 -10117.8880419
 -10082.0714510
  -9950.4580788
  -9838.3128994
  -9592.0235346
  -9428.4903387
  -9349.4135560
  -9128.2524357
  -9068.1211118
  -8861.8258755
  -8708.4182852
  -8532.3309706
  -8412.8177720
  -8340.9290202
  -8261.5583244
  -8093.1683771
  -7942.2002566
  -7758.5393956
  -7679.0481037
  -7492.0499013
  -7360.4729798
  -7222.5653950
  -7020.0175633
  -6955.2155804
  -6826.9496130
  -6779.6934682
  -6516.2238117
  -6379.7557913
  -6221.3295334
  -6169.0995434
  -5988.1339348
  -5849.0233218
  -5745.3020219
  -5640.7230044
  -5490.1411433
  -5255.5345219
  -5127.4072124
  -5086.4107748
  -4898.3422491
  -4855.6710858
  -4811.4986879
  -4645.0154735
  -4513.4926345
  -4454.9333658
  -4345.4353302
  -4184.9078059
  -4082.9579676
  -4009.4817749
  -3801.1782481
  -3687.9820848
  -3684.2810353
  -3637.5409263
  -3546.4154483
  -3447.5375323
  -3316.3885876
  -3100.0199881
  -2962.7254694
  -2868.4902857
  -2709.3039846
  -2646.4151201
  -2557.6631909
  -2437.0127606
  -2268.5231657
  -2253.1943605
  -2098.2574845
  -2007.7916894
  -1938.4205485
  -1691.4547551
  -1669.5291170
  -1474.4846604
  -1287.2752505
  -1217.0023540
  -1163.3529462
  -1144.2387221
  -1042.0749106
   -994.3598602
   -822.7335109
   -762.0055011
   -547.2190633
   -460.8073319
   -387.9071576
   -262.5877343
   -118.3402570
      9.8040783
    118.8078110
    136.5570198
    454.3507088
    507.8731917
    547.7626011
    734.4065560
    896.1992747
    950.1309789
   1029.2024252
   1152.2944784
   1306.3308639
   1363.3480104
   1402.1170129
   1571.8197675
   1663.8862012
   1882.1721067
   2085.6818117
   2104.2072761
   2257.7404661
   2381.8035918
   2486.0165723
   2618.7168215
   2654.4438719
   2770.1496913
   2880.5501448
   3094.3290374
   3234.2873313
   3426.8733851
   3556.1381147
   3694.7234377
   3814.2678047
   3920.3918698
   3946.7352323
   4253.4831965
   4378.5196879
   4553.2488724
   4562.9057861
   4756.4105484
   4895.5914705
   5048.0898560
   5083.9812886
   5221.9354801
   5482.1873273
   5630.2254061
   5819.0645114
   6039.8459365
   6138.4480151
   6308.6401287
   6359.7748746
   6425.6181269
   6552.8333738
   6665.1650355
   6996.5733608
   7165.2984194
   7328.5781193
   7421.4415141
   7731.7068781
   8049.9403690
   8103.1045537
   8296.8290216
   8614.5485208
   8646.9811726
   8814.4590971
   9087.3814583
   9167.3066169
   9379.1623250
   9648.0157850
   9870.7146303
   9939.0507414
  10280.2634439
  10389.8188856
  10730.0282818
  10791.6205914
  11009.7445957
  11167.0306706
  11281.5977322
  11306.5104265
  11471.3645338
  11627.5100731
  11807.2667296
  12392.1946563
  12471.8400486
  12695.6415515
  12937.3191789
  13341.1659176
  13520.1723312
  13793.9504350
  13867.6284098
  14029.5059005
  14534.7246857
  14619.4060587
  14926.4099891
  14969.3530461
  15491.4097253
  15682.1084294
  15968.7728675
  16154.4762294
  16902.6198894
  17168.5049592
  17464.9508606
  17921.8318176
  18355.8431024
  19036.3518101
  19306.5481799
  19437.1375049
  20165.2622260
  21211.4782179
  21747.4677237
  21998.7644150
  22726.7926831
  23236.8462648
  24430.6477309
  24841.8732361
  25778.6620060
  27237.5278381
  28772.4446938
  30483.5108201
  31578.8747004
  33563.9395699
  35902.2065442
  42844.1815775
  44248.5514568
  50834.7939313
  57690.9091218
  73992.6811400
  83241.6437314
  91729.9094999
  99140.4962852
 113040.6735534
 125583.9871528
 178650.0119287
 184485.4976870
 219385.8337846
 263240.8699381
 265964.1993663
 508067.0745991
 528086.4703466
 560015.7884283
 661574.2058113
15003261.0719719
134801938.0349097
1397771391.7357075
15580335645.6179276
384580866347.2910156
